vdd	v1	v2	Ir	I_D1	I_D2	I_D3	I_D4
-1	-0.113692	-0.886308	77.2617	-1	78.2617	78.2617	-1
-0.99	-0.113382	-0.876618	76.3236	-1	77.3236	77.3236	-1
-0.98	-0.113069	-0.866931	75.3862	-1	76.3862	76.3862	-1
-0.97	-0.112752	-0.857248	74.4495	-1	75.4495	75.4495	-1
-0.96	-0.112432	-0.847568	73.5136	-1	74.5136	74.5136	-1
-0.95	-0.112108	-0.837892	72.5784	-1	73.5784	73.5784	-1
-0.94	-0.11178	-0.82822	71.6439	-1	72.6439	72.6439	-1
-0.93	-0.111449	-0.818551	70.7103	-1	71.7103	71.7103	-1
-0.92	-0.111113	-0.808887	69.7774	-1	70.7774	70.7774	-1
-0.91	-0.110773	-0.799227	68.8454	-1	69.8454	69.8454	-1
-0.9	-0.110429	-0.789571	67.9142	-1	68.9142	68.9142	-1
-0.89	-0.110081	-0.779919	66.9839	-1	67.9839	67.9839	-1
-0.88	-0.109728	-0.770272	66.0544	-1	67.0544	67.0544	-1
-0.87	-0.109371	-0.760629	65.1258	-1	66.1258	66.1258	-1
-0.86	-0.109009	-0.750991	64.1982	-1	65.1982	65.1982	-1
-0.85	-0.108642	-0.741358	63.2715	-1	64.2715	64.2715	-1
-0.84	-0.108271	-0.731729	62.3458	-1	63.3458	63.3458	-1
-0.83	-0.107895	-0.722105	61.4211	-1	62.4211	62.4211	-1
-0.82	-0.107513	-0.712487	60.4974	-1	61.4974	61.4974	-1
-0.81	-0.107127	-0.702873	59.5747	-1	60.5747	60.5747	-1
-0.8	-0.106734	-0.693266	58.6531	-1	59.6531	59.6531	-1
-0.79	-0.106337	-0.683663	57.7326	-1	58.7326	58.7326	-1
-0.78	-0.105934	-0.674066	56.8133	-1	57.8133	57.8133	-1
-0.77	-0.105524	-0.664476	55.8951	-1	56.8951	56.8951	-1
-0.76	-0.105109	-0.654891	54.9781	-1	55.9781	55.9781	-1
-0.75	-0.104688	-0.645312	54.0624	-1	55.0624	55.0624	-1
-0.74	-0.10426	-0.63574	53.1479	-1	54.1479	54.1479	-1
-0.73	-0.103826	-0.626174	52.2347	-1	53.2347	53.2347	-1
-0.72	-0.103386	-0.616614	51.3229	-1	52.3229	52.3229	-1
-0.71	-0.102938	-0.607062	50.4125	-1	51.4125	51.4125	-1
-0.7	-0.102483	-0.597517	49.5034	-1	50.5034	50.5034	-1
-0.69	-0.102021	-0.587979	48.5959	-1	49.5959	49.5959	-1
-0.68	-0.101551	-0.578449	47.6898	-1	48.6898	48.6898	-1
-0.67	-0.101073	-0.568927	46.7854	-1	47.7854	47.7854	-1
-0.66	-0.100588	-0.559412	45.8825	-1	46.8825	46.8825	-1
-0.65	-0.100093	-0.549907	44.9813	-1	45.9813	45.9813	-1
-0.64	-0.0995909	-0.540409	44.0818	-1	45.0818	45.0818	-1
-0.63	-0.0990794	-0.530921	43.1841	-1	44.1841	44.1841	-1
-0.62	-0.0985587	-0.521441	42.2883	-1	43.2883	43.2883	-1
-0.61	-0.0980285	-0.511971	41.3943	-1	42.3943	42.3943	-1
-0.6	-0.0974885	-0.502511	40.5023	-1	41.5023	41.5023	-1
-0.59	-0.0969383	-0.493062	39.6123	-1	40.6123	40.6123	-1
-0.58	-0.0963776	-0.483622	38.7245	-1	39.7245	39.7245	-1
-0.57	-0.0958059	-0.474194	37.8388	-1	38.8388	38.8388	-1
-0.56	-0.0952229	-0.464777	36.9554	-1	37.9554	37.9554	-1
-0.55	-0.0946281	-0.455372	36.0744	-1	37.0744	37.0744	-1
-0.54	-0.0940211	-0.445979	35.1958	-1	36.1958	36.1958	-1
-0.53	-0.0934014	-0.436599	34.3197	-1	35.3197	35.3197	-1
-0.52	-0.0927685	-0.427232	33.4463	-1	34.4463	34.4463	-1
-0.51	-0.0921219	-0.417878	32.5756	-1	33.5756	33.5756	-1
-0.5	-0.091461	-0.408539	31.7078	-1	32.7078	32.7078	-1
-0.49	-0.0907852	-0.399215	30.843	-1	31.843	31.843	-1
-0.48	-0.0900939	-0.389906	29.9812	-1	30.9812	30.9812	-1
-0.47	-0.0893864	-0.380614	29.1227	-1	30.1227	30.1227	-1
-0.46	-0.088662	-0.371338	28.2676	-0.999999	29.2676	29.2676	-0.999999
-0.45	-0.08792	-0.36208	27.416	-0.999999	28.416	28.416	-0.999999
-0.44	-0.0871595	-0.35284	26.5681	-0.999999	27.5681	27.5681	-0.999999
-0.43	-0.0863798	-0.34362	25.724	-0.999998	26.724	26.724	-0.999998
-0.42	-0.0855798	-0.33442	24.884	-0.999997	25.884	25.884	-0.999997
-0.41	-0.0847587	-0.325241	24.0483	-0.999996	25.0483	25.0483	-0.999996
-0.4	-0.0839154	-0.316085	23.2169	-0.999995	24.2169	24.2169	-0.999995
-0.39	-0.0830488	-0.306951	22.3902	-0.999993	23.3902	23.3902	-0.999993
-0.38	-0.0821576	-0.297842	21.5685	-0.999989	22.5685	22.5685	-0.999989
-0.37	-0.0812408	-0.288759	20.7518	-0.999985	21.7518	21.7518	-0.999985
-0.36	-0.0802968	-0.279703	19.9406	-0.999979	20.9406	20.9406	-0.999979
-0.35	-0.0793243	-0.270676	19.1351	-0.99997	20.1351	20.1351	-0.99997
-0.34	-0.0783217	-0.261678	18.3357	-0.999957	19.3356	19.3356	-0.999957
-0.33	-0.0772873	-0.252713	17.5425	-0.99994	18.5425	18.5425	-0.99994
-0.32	-0.0762194	-0.243781	16.7561	-0.999915	17.756	17.756	-0.999915
-0.31	-0.075116	-0.234884	15.9768	-0.999881	16.9767	16.9767	-0.999881
-0.3	-0.073975	-0.226025	15.205	-0.999832	16.2048	16.2048	-0.999832
-0.29	-0.0727941	-0.217206	14.4412	-0.999765	15.4409	15.4409	-0.999765
-0.28	-0.0715711	-0.208429	13.6858	-0.99967	14.6855	14.6855	-0.99967
-0.27	-0.0703032	-0.199697	12.9394	-0.999538	13.9389	13.9389	-0.999538
-0.26	-0.0689876	-0.191012	12.2025	-0.999355	13.2018	13.2018	-0.999355
-0.25	-0.0676214	-0.182379	11.4757	-0.999101	12.4748	12.4748	-0.999101
-0.24	-0.0662012	-0.173799	10.7598	-0.99875	11.7585	11.7585	-0.99875
-0.23	-0.0647234	-0.165277	10.0553	-0.998265	11.0536	11.0536	-0.998265
-0.22	-0.0631843	-0.156816	9.36315	-0.997598	10.3607	10.3607	-0.997598
-0.21	-0.0615796	-0.14842	8.68409	-0.996682	9.68077	9.68077	-0.996682
-0.2	-0.0599048	-0.140095	8.01904	-0.99543	9.01447	9.01447	-0.99543
-0.19	-0.0581551	-0.131845	7.36898	-0.993724	8.36271	8.36271	-0.993724
-0.18	-0.0563251	-0.123675	6.73498	-0.991406	7.72638	7.72638	-0.991406
-0.17	-0.0544091	-0.115591	6.11817	-0.988272	7.10644	7.10644	-0.988272
-0.16	-0.0524009	-0.107599	5.51982	-0.984052	6.50387	6.50387	-0.984052
-0.15	-0.0502936	-0.0997064	4.94128	-0.978396	5.91968	5.91968	-0.978396
-0.14	-0.0480798	-0.0919202	4.38403	-0.970853	5.35489	5.35489	-0.970853
-0.13	-0.0457515	-0.0842485	3.84969	-0.960849	4.81054	4.81054	-0.960849
-0.12	-0.0432999	-0.0767001	3.34002	-0.947661	4.28768	4.28768	-0.947661
-0.11	-0.0407153	-0.0692847	2.85694	-0.930386	3.78733	3.78733	-0.930386
-0.1	-0.0379872	-0.0620128	2.40255	-0.907921	3.31047	3.31047	-0.907921
-0.09	-0.0351043	-0.0548957	1.97914	-0.878928	2.85807	2.85807	-0.878928
-0.08	-0.0320541	-0.0479459	1.58917	-0.841828	2.431	2.431	-0.841828
-0.07	-0.0288235	-0.0411765	1.23531	-0.794788	2.0301	2.0301	-0.794788
-0.06	-0.0253983	-0.0346017	0.920349	-0.735744	1.65609	1.65609	-0.735744
-0.05	-0.0217641	-0.0282359	0.64718	-0.662435	1.30961	1.30961	-0.662435
-0.04	-0.0179066	-0.0220934	0.41868	-0.572477	0.991156	0.991156	-0.572477
-0.03	-0.0138121	-0.0161879	0.237575	-0.463458	0.701033	0.701033	-0.463458
-0.02	-0.00946864	-0.0105314	0.106273	-0.333058	0.439331	0.439331	-0.333058
-0.01	-0.00486663	-0.00513337	0.0266737	-0.179168	0.205842	0.205842	-0.179168
0	0	0	0	0	0	0	0
0.01	0.00513337	0.00486663	0.0266737	0.205842	-0.179168	-0.179168	0.205842
0.02	0.0105314	0.00946864	0.106273	0.439331	-0.333058	-0.333058	0.439331
0.03	0.0161879	0.0138121	0.237575	0.701033	-0.463458	-0.463458	0.701033
0.04	0.0220934	0.0179066	0.41868	0.991156	-0.572477	-0.572477	0.991156
0.05	0.0282359	0.0217641	0.64718	1.30961	-0.662435	-0.662435	1.30961
0.06	0.0346017	0.0253983	0.920349	1.65609	-0.735744	-0.735744	1.65609
0.07	0.0411765	0.0288235	1.23531	2.0301	-0.794788	-0.794788	2.0301
0.08	0.0479459	0.0320541	1.58917	2.431	-0.841828	-0.841828	2.431
0.09	0.0548957	0.0351043	1.97914	2.85807	-0.878928	-0.878928	2.85807
0.1	0.0620128	0.0379872	2.40255	3.31047	-0.907921	-0.907921	3.31047
0.11	0.0692847	0.0407153	2.85694	3.78733	-0.930386	-0.930386	3.78733
0.12	0.0767001	0.0432999	3.34002	4.28768	-0.947661	-0.947661	4.28768
0.13	0.0842485	0.0457515	3.84969	4.81054	-0.960849	-0.960849	4.81054
0.14	0.0919202	0.0480798	4.38403	5.35489	-0.970853	-0.970853	5.35489
0.15	0.0997064	0.0502936	4.94128	5.91968	-0.978396	-0.978396	5.91968
0.16	0.107599	0.0524009	5.51982	6.50387	-0.984052	-0.984052	6.50387
0.17	0.115591	0.0544091	6.11817	7.10644	-0.988272	-0.988272	7.10644
0.18	0.123675	0.0563251	6.73498	7.72638	-0.991406	-0.991406	7.72638
0.19	0.131845	0.0581551	7.36898	8.36271	-0.993724	-0.993724	8.36271
0.2	0.140095	0.0599048	8.01904	9.01447	-0.99543	-0.99543	9.01447
0.21	0.14842	0.0615796	8.68409	9.68077	-0.996682	-0.996682	9.68077
0.22	0.156816	0.0631843	9.36315	10.3607	-0.997598	-0.997598	10.3607
0.23	0.165277	0.0647234	10.0553	11.0536	-0.998265	-0.998265	11.0536
0.24	0.173799	0.0662012	10.7598	11.7585	-0.99875	-0.99875	11.7585
0.25	0.182379	0.0676214	11.4757	12.4748	-0.999101	-0.999101	12.4748
0.26	0.191012	0.0689876	12.2025	13.2018	-0.999355	-0.999355	13.2018
0.27	0.199697	0.0703032	12.9394	13.9389	-0.999538	-0.999538	13.9389
0.28	0.208429	0.0715711	13.6858	14.6855	-0.99967	-0.99967	14.6855
0.29	0.217206	0.0727941	14.4412	15.4409	-0.999765	-0.999765	15.4409
0.3	0.226025	0.073975	15.205	16.2048	-0.999832	-0.999832	16.2048
0.31	0.234884	0.075116	15.9768	16.9767	-0.999881	-0.999881	16.9767
0.32	0.243781	0.0762194	16.7561	17.756	-0.999915	-0.999915	17.756
0.33	0.252713	0.0772873	17.5425	18.5425	-0.99994	-0.99994	18.5425
0.34	0.261678	0.0783217	18.3357	19.3356	-0.999957	-0.999957	19.3356
0.35	0.270676	0.0793243	19.1351	20.1351	-0.99997	-0.99997	20.1351
0.36	0.279703	0.0802968	19.9406	20.9406	-0.999979	-0.999979	20.9406
0.37	0.288759	0.0812408	20.7518	21.7518	-0.999985	-0.999985	21.7518
0.38	0.297842	0.0821576	21.5685	22.5685	-0.999989	-0.999989	22.5685
0.39	0.306951	0.0830488	22.3902	23.3902	-0.999993	-0.999993	23.3902
0.4	0.316085	0.0839154	23.2169	24.2169	-0.999995	-0.999995	24.2169
0.41	0.325241	0.0847587	24.0483	25.0483	-0.999996	-0.999996	25.0483
0.42	0.33442	0.0855798	24.884	25.884	-0.999997	-0.999997	25.884
0.43	0.34362	0.0863798	25.724	26.724	-0.999998	-0.999998	26.724
0.44	0.35284	0.0871595	26.5681	27.5681	-0.999999	-0.999999	27.5681
0.45	0.36208	0.08792	27.416	28.416	-0.999999	-0.999999	28.416
0.46	0.371338	0.088662	28.2676	29.2676	-0.999999	-0.999999	29.2676
0.47	0.380614	0.0893864	29.1227	30.1227	-1	-1	30.1227
0.48	0.389906	0.0900939	29.9812	30.9812	-1	-1	30.9812
0.49	0.399215	0.0907852	30.843	31.843	-1	-1	31.843
0.5	0.408539	0.091461	31.7078	32.7078	-1	-1	32.7078
0.51	0.417878	0.0921219	32.5756	33.5756	-1	-1	33.5756
0.52	0.427232	0.0927685	33.4463	34.4463	-1	-1	34.4463
0.53	0.436599	0.0934014	34.3197	35.3197	-1	-1	35.3197
0.54	0.445979	0.0940211	35.1958	36.1958	-1	-1	36.1958
0.55	0.455372	0.0946281	36.0744	37.0744	-1	-1	37.0744
0.56	0.464777	0.0952229	36.9554	37.9554	-1	-1	37.9554
0.57	0.474194	0.0958059	37.8388	38.8388	-1	-1	38.8388
0.58	0.483622	0.0963776	38.7245	39.7245	-1	-1	39.7245
0.59	0.493062	0.0969383	39.6123	40.6123	-1	-1	40.6123
0.6	0.502511	0.0974885	40.5023	41.5023	-1	-1	41.5023
0.61	0.511971	0.0980285	41.3943	42.3943	-1	-1	42.3943
0.62	0.521441	0.0985587	42.2883	43.2883	-1	-1	43.2883
0.63	0.530921	0.0990794	43.1841	44.1841	-1	-1	44.1841
0.64	0.540409	0.0995909	44.0818	45.0818	-1	-1	45.0818
0.65	0.549907	0.100093	44.9813	45.9813	-1	-1	45.9813
0.66	0.559412	0.100588	45.8825	46.8825	-1	-1	46.8825
0.67	0.568927	0.101073	46.7854	47.7854	-1	-1	47.7854
0.68	0.578449	0.101551	47.6898	48.6898	-1	-1	48.6898
0.69	0.587979	0.102021	48.5959	49.5959	-1	-1	49.5959
0.7	0.597517	0.102483	49.5034	50.5034	-1	-1	50.5034
0.71	0.607062	0.102938	50.4125	51.4125	-1	-1	51.4125
0.72	0.616614	0.103386	51.3229	52.3229	-1	-1	52.3229
0.73	0.626174	0.103826	52.2347	53.2347	-1	-1	53.2347
0.74	0.63574	0.10426	53.1479	54.1479	-1	-1	54.1479
0.75	0.645312	0.104688	54.0624	55.0624	-1	-1	55.0624
0.76	0.654891	0.105109	54.9781	55.9781	-1	-1	55.9781
0.77	0.664476	0.105524	55.8951	56.8951	-1	-1	56.8951
0.78	0.674066	0.105934	56.8133	57.8133	-1	-1	57.8133
0.79	0.683663	0.106337	57.7326	58.7326	-1	-1	58.7326
0.8	0.693266	0.106734	58.6531	59.6531	-1	-1	59.6531
0.81	0.702873	0.107127	59.5747	60.5747	-1	-1	60.5747
0.82	0.712487	0.107513	60.4974	61.4974	-1	-1	61.4974
0.83	0.722105	0.107895	61.4211	62.4211	-1	-1	62.4211
0.84	0.731729	0.108271	62.3458	63.3458	-1	-1	63.3458
0.85	0.741358	0.108642	63.2715	64.2715	-1	-1	64.2715
0.86	0.750991	0.109009	64.1982	65.1982	-1	-1	65.1982
0.87	0.760629	0.109371	65.1258	66.1258	-1	-1	66.1258
0.88	0.770272	0.109728	66.0544	67.0544	-1	-1	67.0544
0.89	0.779919	0.110081	66.9839	67.9839	-1	-1	67.9839
0.9	0.789571	0.110429	67.9142	68.9142	-1	-1	68.9142
0.91	0.799227	0.110773	68.8454	69.8454	-1	-1	69.8454
0.92	0.808887	0.111113	69.7774	70.7774	-1	-1	70.7774
0.93	0.818551	0.111449	70.7103	71.7103	-1	-1	71.7103
0.94	0.82822	0.11178	71.6439	72.6439	-1	-1	72.6439
0.95	0.837892	0.112108	72.5784	73.5784	-1	-1	73.5784
0.96	0.847568	0.112432	73.5136	74.5136	-1	-1	74.5136
0.97	0.857248	0.112752	74.4495	75.4495	-1	-1	75.4495
0.98	0.866931	0.113069	75.3862	76.3862	-1	-1	76.3862
0.99	0.876618	0.113382	76.3236	77.3236	-1	-1	77.3236
1	0.886308	0.113692	77.2617	78.2617	-1	-1	78.2617
