vdd	v1	v2	T1	T2	T3	T4	Ir	I_D1	I_D2	I_D3	I_D4
0	0	0	300	300	300	300	0	0	0	0	0
0.01	0.00513337	0.00486663	300.002	300.002	300.002	300.002	0.0266733	0.205841	-0.179167	-0.179167	0.205841
0.02	0.0105313	0.00946867	300.008	300.007	300.007	300.008	0.106267	0.439318	-0.333051	-0.333051	0.439318
0.03	0.0161877	0.0138123	300.019	300.015	300.015	300.019	0.237546	0.700984	-0.463438	-0.463438	0.700984
0.04	0.0220929	0.0179071	300.035	300.025	300.025	300.035	0.41859	0.991028	-0.572439	-0.572439	0.991028
0.05	0.0282348	0.0217652	300.057	300.037	300.037	300.057	0.646967	1.30934	-0.662375	-0.662375	1.30934
0.06	0.0345996	0.0254004	300.084	300.051	300.051	300.084	0.919921	1.65558	-0.735662	-0.735662	1.65558
0.07	0.0411727	0.0288273	300.117	300.065	300.065	300.117	1.23454	2.02923	-0.794687	-0.794687	2.02923
0.08	0.0479396	0.0320604	300.156	300.081	300.081	300.156	1.58792	2.42963	-0.841711	-0.841711	2.42963
0.09	0.0548861	0.0351139	300.201	300.096	300.096	300.201	1.97721	2.85601	-0.878801	-0.878801	2.85601
0.1	0.0619987	0.0380013	300.251	300.113	300.113	300.251	2.39974	3.30753	-0.907789	-0.907789	3.30753
0.11	0.069265	0.040735	300.308	300.129	300.129	300.308	2.853	3.78326	-0.930254	-0.930254	3.78326
0.12	0.0766735	0.0433265	300.371	300.145	300.145	300.371	3.33469	4.28222	-0.947532	-0.947532	4.28222
0.13	0.0842134	0.0457866	300.44	300.162	300.162	300.44	3.84268	4.80341	-0.960727	-0.960727	4.80341
0.14	0.0918751	0.0481249	300.515	300.178	300.178	300.515	4.37502	5.34577	-0.970741	-0.970741	5.34577
0.15	0.0996497	0.0503503	300.595	300.195	300.195	300.595	4.92995	5.90824	-0.978295	-0.978295	5.90824
0.16	0.107529	0.0524709	300.681	300.212	300.212	300.681	5.50582	6.48978	-0.983962	-0.983962	6.48978
0.17	0.115506	0.0544942	300.773	300.228	300.228	300.773	6.10115	7.08935	-0.988194	-0.988194	7.08935
0.18	0.123573	0.0564272	300.87	300.245	300.245	300.87	6.71457	7.70591	-0.991339	-0.991339	7.70591
0.19	0.131724	0.0582759	300.972	300.262	300.262	300.972	7.34482	8.33848	-0.993666	-0.993666	8.33848
0.2	0.139954	0.0600463	301.079	300.279	300.279	301.079	7.99074	8.98612	-0.995382	-0.995382	8.98612
0.21	0.148256	0.0617437	301.191	300.296	300.296	301.191	8.65126	9.64791	-0.996642	-0.996642	9.64791
0.22	0.156627	0.0633729	301.308	300.312	300.312	301.308	9.32542	10.323	-0.997565	-0.997565	10.323
0.23	0.165062	0.0649385	301.43	300.33	300.33	301.43	10.0123	11.0105	-0.998238	-0.998238	11.0105
0.24	0.173555	0.0664446	301.556	300.347	300.347	301.556	10.7111	11.7098	-0.998728	-0.998728	11.7098
0.25	0.182105	0.0678951	301.687	300.364	300.364	301.687	11.421	12.4201	-0.999084	-0.999084	12.4201
0.26	0.190707	0.0692935	301.821	300.381	300.381	301.821	12.1413	13.1406	-0.999342	-0.999342	13.1406
0.27	0.199357	0.0706431	301.96	300.399	300.399	301.96	12.8714	13.8709	-0.999527	-0.999527	13.8709
0.28	0.208053	0.0719469	302.102	300.416	300.416	302.102	13.6106	14.6103	-0.999661	-0.999661	14.6103
0.29	0.216792	0.0732077	302.249	300.433	300.433	302.249	14.3585	15.3582	-0.999758	-0.999758	15.3582
0.3	0.225572	0.074428	302.399	300.451	300.451	302.399	15.1144	16.1142	-0.999827	-0.999827	16.1142
0.31	0.23439	0.0756104	302.552	300.469	300.469	302.552	15.8779	16.8778	-0.999877	-0.999877	16.8778
0.32	0.243243	0.0767569	302.709	300.486	300.486	302.709	16.6486	17.6485	-0.999912	-0.999912	17.6485
0.33	0.25213	0.0778697	302.87	300.504	300.504	302.87	17.4261	18.426	-0.999938	-0.999938	18.426
0.34	0.261049	0.0789507	303.033	300.522	300.522	303.033	18.2099	19.2098	-0.999956	-0.999956	19.2098
0.35	0.269998	0.0800015	303.2	300.54	300.54	303.2	18.9997	19.9997	-0.999969	-0.999969	19.9997
0.36	0.278976	0.0810239	303.37	300.558	300.558	303.37	19.7952	20.7952	-0.999978	-0.999978	20.7952
0.37	0.287981	0.0820194	303.543	300.576	300.576	303.543	20.5961	21.5961	-0.999984	-0.999984	21.5961
0.38	0.297011	0.0829895	303.718	300.594	300.594	303.718	21.4021	22.4021	-0.999989	-0.999989	22.4021
0.39	0.306065	0.0839353	303.897	300.612	300.612	303.897	22.2129	23.2129	-0.999992	-0.999992	23.2129
0.4	0.315142	0.0848583	304.078	300.63	300.63	304.078	23.0283	24.0283	-0.999994	-0.999994	24.0283
0.41	0.324241	0.0857594	304.262	300.648	300.648	304.262	23.8481	24.8481	-0.999996	-0.999996	24.8481
0.42	0.33336	0.0866399	304.448	300.667	300.667	304.448	24.672	25.672	-0.999997	-0.999997	25.672
0.43	0.342499	0.0875007	304.638	300.685	300.685	304.638	25.4999	26.4999	-0.999998	-0.999998	26.4999
0.44	0.351657	0.0883428	304.829	300.703	300.703	304.829	26.3314	27.3314	-0.999999	-0.999999	27.3314
0.45	0.360833	0.089167	305.023	300.722	300.722	305.023	27.1666	28.1666	-0.999999	-0.999999	28.1666
0.46	0.370026	0.0899742	305.219	300.74	300.74	305.219	28.0052	29.0052	-0.999999	-0.999999	29.0052
0.47	0.379235	0.0907652	305.418	300.758	300.758	305.418	28.847	29.847	-1	-1	29.847
0.48	0.388459	0.0915406	305.619	300.777	300.777	305.619	29.6919	30.6919	-1	-1	30.6919
0.49	0.397699	0.0923013	305.822	300.795	300.795	305.822	30.5397	31.5397	-1	-1	31.5397
0.5	0.406952	0.0930477	306.028	300.814	300.814	306.028	31.3905	32.3905	-1	-1	32.3905
0.51	0.416219	0.0937807	306.235	300.832	300.832	306.235	32.2439	33.2439	-1	-1	33.2439
0.52	0.425499	0.0945006	306.445	300.851	300.851	306.445	33.0999	34.0999	-1	-1	34.0999
0.53	0.434792	0.0952081	306.657	300.87	300.87	306.657	33.9584	34.9584	-1	-1	34.9584
0.54	0.444096	0.0959037	306.87	300.888	300.888	306.87	34.8193	35.8193	-1	-1	35.8193
0.55	0.453412	0.0965879	307.086	300.907	300.907	307.086	35.6824	36.6824	-1	-1	36.6824
0.56	0.462739	0.097261	307.304	300.925	300.925	307.304	36.5478	37.5478	-1	-1	37.5478
0.57	0.472076	0.0979237	307.524	300.944	300.944	307.524	37.4153	38.4153	-1	-1	38.4153
0.58	0.481424	0.0985762	307.745	300.963	300.963	307.745	38.2848	39.2848	-1	-1	39.2848
0.59	0.490781	0.099219	307.969	300.982	300.982	307.969	39.1562	40.1562	-1	-1	40.1562
0.6	0.500148	0.0998524	308.194	301	301	308.194	40.0295	41.0295	-1	-1	41.0295
0.61	0.509523	0.100477	308.421	301.019	301.019	308.421	40.9046	41.9046	-1	-1	41.9046
0.62	0.518907	0.101093	308.65	301.038	301.038	308.65	41.7815	42.7815	-1	-1	42.7815
0.63	0.5283	0.1017	308.88	301.057	301.057	308.88	42.66	43.66	-1	-1	43.66
0.64	0.537701	0.102299	309.113	301.075	301.075	309.113	43.5401	44.5401	-1	-1	44.5401
0.65	0.547109	0.102891	309.347	301.094	301.094	309.347	44.4218	45.4218	-1	-1	45.4218
0.66	0.556525	0.103475	309.583	301.113	301.113	309.583	45.305	46.305	-1	-1	46.305
0.67	0.565948	0.104052	309.82	301.132	301.132	309.82	46.1896	47.1896	-1	-1	47.1896
0.68	0.575378	0.104622	310.06	301.151	301.151	310.06	47.0756	48.0756	-1	-1	48.0756
0.69	0.584815	0.105185	310.3	301.17	301.17	310.3	47.963	48.963	-1	-1	48.963
0.7	0.594258	0.105742	310.543	301.189	301.189	310.543	48.8517	49.8517	-1	-1	49.8517
0.71	0.603708	0.106292	310.787	301.207	301.207	310.787	49.7416	50.7416	-1	-1	50.7416
0.72	0.613164	0.106836	311.033	301.226	301.226	311.033	50.6327	51.6327	-1	-1	51.6327
0.73	0.622625	0.107375	311.28	301.245	301.245	311.28	51.525	52.525	-1	-1	52.525
0.74	0.632092	0.107908	311.529	301.264	301.264	311.529	52.4185	53.4185	-1	-1	53.4185
0.75	0.641565	0.108435	311.779	301.283	301.283	311.779	53.313	54.313	-1	-1	54.313
0.76	0.651043	0.108957	312.031	301.302	301.302	312.031	54.2086	55.2086	-1	-1	55.2086
0.77	0.660526	0.109474	312.284	301.321	301.321	312.284	55.1053	56.1053	-1	-1	56.1053
0.78	0.670015	0.109985	312.539	301.34	301.34	312.539	56.0029	57.0029	-1	-1	57.0029
0.79	0.679508	0.110492	312.795	301.359	301.359	312.795	56.9015	57.9015	-1	-1	57.9015
0.8	0.689005	0.110995	313.053	301.378	301.378	313.053	57.8011	58.8011	-1	-1	58.8011
0.81	0.698508	0.111492	313.313	301.397	301.397	313.313	58.7015	59.7015	-1	-1	59.7015
0.82	0.708014	0.111986	313.573	301.416	301.416	313.573	59.6028	60.6028	-1	-1	60.6028
0.83	0.717525	0.112475	313.836	301.435	301.435	313.836	60.505	61.505	-1	-1	61.505
0.84	0.72704	0.11296	314.099	301.454	301.454	314.099	61.408	62.408	-1	-1	62.408
0.85	0.736559	0.113441	314.364	301.473	301.473	314.364	62.3118	63.3118	-1	-1	63.3118
0.86	0.746082	0.113918	314.631	301.492	301.492	314.631	63.2164	64.2164	-1	-1	64.2164
0.87	0.755609	0.114391	314.899	301.511	301.511	314.899	64.1218	65.1218	-1	-1	65.1218
0.88	0.765139	0.114861	315.168	301.53	301.53	315.168	65.0279	66.0279	-1	-1	66.0279
0.89	0.774673	0.115327	315.439	301.549	301.549	315.439	65.9347	66.9347	-1	-1	66.9347
0.9	0.784211	0.115789	315.711	301.568	301.568	315.711	66.8421	67.8421	-1	-1	67.8421
0.91	0.793752	0.116248	315.984	301.588	301.588	315.984	67.7503	68.7503	-1	-1	68.7503
0.92	0.803296	0.116704	316.259	301.607	301.607	316.259	68.6591	69.6591	-1	-1	69.6591
0.93	0.812843	0.117157	316.535	301.626	301.626	316.535	69.5686	70.5686	-1	-1	70.5686
0.94	0.822393	0.117607	316.813	301.645	301.645	316.813	70.4786	71.4786	-1	-1	71.4786
0.95	0.831947	0.118053	317.092	301.664	301.664	317.092	71.3893	72.3893	-1	-1	72.3893
0.96	0.841503	0.118497	317.372	301.683	301.683	317.372	72.3006	73.3006	-1	-1	73.3006
0.97	0.851062	0.118938	317.653	301.702	301.702	317.653	73.2124	74.2124	-1	-1	74.2124
0.98	0.860624	0.119376	317.936	301.721	301.721	317.936	74.1247	75.1247	-1	-1	75.1247
0.99	0.870188	0.119812	318.22	301.74	301.74	318.22	75.0377	76.0377	-1	-1	76.0377
1	0.879755	0.120245	318.506	301.76	301.76	318.506	75.9511	76.9511	-1	-1	76.9511
vdd	v1	v2	T1	T2	T3	T4	Ir	I_D1	I_D2	I_D3	I_D4
0	0	0	300	300	300	300	0	0	0	0	0
-0.01	-0.00486663	-0.00513337	300.002	300.002	300.002	300.002	0.0266733	-0.179167	0.205841	0.205841	-0.179167
-0.02	-0.00946867	-0.0105313	300.007	300.008	300.008	300.007	0.106267	-0.333051	0.439318	0.439318	-0.333051
-0.03	-0.0138123	-0.0161877	300.015	300.019	300.019	300.015	0.237546	-0.463438	0.700984	0.700984	-0.463438
-0.04	-0.0179071	-0.0220929	300.025	300.035	300.035	300.025	0.41859	-0.572439	0.991028	0.991028	-0.572439
-0.05	-0.0217652	-0.0282348	300.037	300.057	300.057	300.037	0.646967	-0.662375	1.30934	1.30934	-0.662375
-0.06	-0.0254004	-0.0345996	300.051	300.084	300.084	300.051	0.919921	-0.735662	1.65558	1.65558	-0.735662
-0.07	-0.0288273	-0.0411727	300.065	300.117	300.117	300.065	1.23454	-0.794687	2.02923	2.02923	-0.794687
-0.08	-0.0320604	-0.0479396	300.081	300.156	300.156	300.081	1.58792	-0.841711	2.42963	2.42963	-0.841711
-0.09	-0.0351139	-0.0548861	300.096	300.201	300.201	300.096	1.97721	-0.878801	2.85601	2.85601	-0.878801
-0.1	-0.0380013	-0.0619987	300.113	300.251	300.251	300.113	2.39974	-0.907789	3.30753	3.30753	-0.907789
-0.11	-0.040735	-0.069265	300.129	300.308	300.308	300.129	2.853	-0.930254	3.78326	3.78326	-0.930254
-0.12	-0.0433265	-0.0766735	300.145	300.371	300.371	300.145	3.33469	-0.947532	4.28222	4.28222	-0.947532
-0.13	-0.0457866	-0.0842134	300.162	300.44	300.44	300.162	3.84268	-0.960727	4.80341	4.80341	-0.960727
-0.14	-0.0481249	-0.0918751	300.178	300.515	300.515	300.178	4.37502	-0.970741	5.34577	5.34577	-0.970741
-0.15	-0.0503503	-0.0996497	300.195	300.595	300.595	300.195	4.92995	-0.978295	5.90824	5.90824	-0.978295
-0.16	-0.0524709	-0.107529	300.212	300.681	300.681	300.212	5.50582	-0.983962	6.48978	6.48978	-0.983962
-0.17	-0.0544942	-0.115506	300.228	300.773	300.773	300.228	6.10115	-0.988194	7.08935	7.08935	-0.988194
-0.18	-0.0564272	-0.123573	300.245	300.87	300.87	300.245	6.71457	-0.991339	7.70591	7.70591	-0.991339
-0.19	-0.0582759	-0.131724	300.262	300.972	300.972	300.262	7.34482	-0.993666	8.33848	8.33848	-0.993666
-0.2	-0.0600463	-0.139954	300.279	301.079	301.079	300.279	7.99074	-0.995382	8.98612	8.98612	-0.995382
-0.21	-0.0617437	-0.148256	300.296	301.191	301.191	300.296	8.65126	-0.996642	9.64791	9.64791	-0.996642
-0.22	-0.0633729	-0.156627	300.312	301.308	301.308	300.312	9.32542	-0.997565	10.323	10.323	-0.997565
-0.23	-0.0649385	-0.165062	300.33	301.43	301.43	300.33	10.0123	-0.998238	11.0105	11.0105	-0.998238
-0.24	-0.0664446	-0.173555	300.347	301.556	301.556	300.347	10.7111	-0.998728	11.7098	11.7098	-0.998728
-0.25	-0.0678951	-0.182105	300.364	301.687	301.687	300.364	11.421	-0.999084	12.4201	12.4201	-0.999084
-0.26	-0.0692935	-0.190707	300.381	301.821	301.821	300.381	12.1413	-0.999342	13.1406	13.1406	-0.999342
-0.27	-0.0706431	-0.199357	300.399	301.96	301.96	300.399	12.8714	-0.999527	13.8709	13.8709	-0.999527
-0.28	-0.0719469	-0.208053	300.416	302.102	302.102	300.416	13.6106	-0.999661	14.6103	14.6103	-0.999661
-0.29	-0.0732077	-0.216792	300.433	302.249	302.249	300.433	14.3585	-0.999758	15.3582	15.3582	-0.999758
-0.3	-0.074428	-0.225572	300.451	302.399	302.399	300.451	15.1144	-0.999827	16.1142	16.1142	-0.999827
-0.31	-0.0756104	-0.23439	300.469	302.552	302.552	300.469	15.8779	-0.999877	16.8778	16.8778	-0.999877
-0.32	-0.0767569	-0.243243	300.486	302.709	302.709	300.486	16.6486	-0.999912	17.6485	17.6485	-0.999912
-0.33	-0.0778697	-0.25213	300.504	302.87	302.87	300.504	17.4261	-0.999938	18.426	18.426	-0.999938
-0.34	-0.0789507	-0.261049	300.522	303.033	303.033	300.522	18.2099	-0.999956	19.2098	19.2098	-0.999956
-0.35	-0.0800015	-0.269998	300.54	303.2	303.2	300.54	18.9997	-0.999969	19.9997	19.9997	-0.999969
-0.36	-0.0810239	-0.278976	300.558	303.37	303.37	300.558	19.7952	-0.999978	20.7952	20.7952	-0.999978
-0.37	-0.0820194	-0.287981	300.576	303.543	303.543	300.576	20.5961	-0.999984	21.5961	21.5961	-0.999984
-0.38	-0.0829895	-0.297011	300.594	303.718	303.718	300.594	21.4021	-0.999989	22.4021	22.4021	-0.999989
-0.39	-0.0839353	-0.306065	300.612	303.897	303.897	300.612	22.2129	-0.999992	23.2129	23.2129	-0.999992
-0.4	-0.0848583	-0.315142	300.63	304.078	304.078	300.63	23.0283	-0.999994	24.0283	24.0283	-0.999994
-0.41	-0.0857594	-0.324241	300.648	304.262	304.262	300.648	23.8481	-0.999996	24.8481	24.8481	-0.999996
-0.42	-0.0866399	-0.33336	300.667	304.448	304.448	300.667	24.672	-0.999997	25.672	25.672	-0.999997
-0.43	-0.0875007	-0.342499	300.685	304.638	304.638	300.685	25.4999	-0.999998	26.4999	26.4999	-0.999998
-0.44	-0.0883428	-0.351657	300.703	304.829	304.829	300.703	26.3314	-0.999999	27.3314	27.3314	-0.999999
-0.45	-0.089167	-0.360833	300.722	305.023	305.023	300.722	27.1666	-0.999999	28.1666	28.1666	-0.999999
-0.46	-0.0899742	-0.370026	300.74	305.219	305.219	300.74	28.0052	-0.999999	29.0052	29.0052	-0.999999
-0.47	-0.0907652	-0.379235	300.758	305.418	305.418	300.758	28.847	-1	29.847	29.847	-1
-0.48	-0.0915406	-0.388459	300.777	305.619	305.619	300.777	29.6919	-1	30.6919	30.6919	-1
-0.49	-0.0923013	-0.397699	300.795	305.822	305.822	300.795	30.5397	-1	31.5397	31.5397	-1
-0.5	-0.0930477	-0.406952	300.814	306.028	306.028	300.814	31.3905	-1	32.3905	32.3905	-1
-0.51	-0.0937807	-0.416219	300.832	306.235	306.235	300.832	32.2439	-1	33.2439	33.2439	-1
-0.52	-0.0945006	-0.425499	300.851	306.445	306.445	300.851	33.0999	-1	34.0999	34.0999	-1
-0.53	-0.0952081	-0.434792	300.87	306.657	306.657	300.87	33.9584	-1	34.9584	34.9584	-1
-0.54	-0.0959037	-0.444096	300.888	306.87	306.87	300.888	34.8193	-1	35.8193	35.8193	-1
-0.55	-0.0965879	-0.453412	300.907	307.086	307.086	300.907	35.6824	-1	36.6824	36.6824	-1
-0.56	-0.097261	-0.462739	300.925	307.304	307.304	300.925	36.5478	-1	37.5478	37.5478	-1
-0.57	-0.0979237	-0.472076	300.944	307.524	307.524	300.944	37.4153	-1	38.4153	38.4153	-1
-0.58	-0.0985762	-0.481424	300.963	307.745	307.745	300.963	38.2848	-1	39.2848	39.2848	-1
-0.59	-0.099219	-0.490781	300.982	307.969	307.969	300.982	39.1562	-1	40.1562	40.1562	-1
-0.6	-0.0998524	-0.500148	301	308.194	308.194	301	40.0295	-1	41.0295	41.0295	-1
-0.61	-0.100477	-0.509523	301.019	308.421	308.421	301.019	40.9046	-1	41.9046	41.9046	-1
-0.62	-0.101093	-0.518907	301.038	308.65	308.65	301.038	41.7815	-1	42.7815	42.7815	-1
-0.63	-0.1017	-0.5283	301.057	308.88	308.88	301.057	42.66	-1	43.66	43.66	-1
-0.64	-0.102299	-0.537701	301.075	309.113	309.113	301.075	43.5401	-1	44.5401	44.5401	-1
-0.65	-0.102891	-0.547109	301.094	309.347	309.347	301.094	44.4218	-1	45.4218	45.4218	-1
-0.66	-0.103475	-0.556525	301.113	309.583	309.583	301.113	45.305	-1	46.305	46.305	-1
-0.67	-0.104052	-0.565948	301.132	309.82	309.82	301.132	46.1896	-1	47.1896	47.1896	-1
-0.68	-0.104622	-0.575378	301.151	310.06	310.06	301.151	47.0756	-1	48.0756	48.0756	-1
-0.69	-0.105185	-0.584815	301.17	310.3	310.3	301.17	47.963	-1	48.963	48.963	-1
-0.7	-0.105742	-0.594258	301.189	310.543	310.543	301.189	48.8517	-1	49.8517	49.8517	-1
-0.71	-0.106292	-0.603708	301.207	310.787	310.787	301.207	49.7416	-1	50.7416	50.7416	-1
-0.72	-0.106836	-0.613164	301.226	311.033	311.033	301.226	50.6327	-1	51.6327	51.6327	-1
-0.73	-0.107375	-0.622625	301.245	311.28	311.28	301.245	51.525	-1	52.525	52.525	-1
-0.74	-0.107908	-0.632092	301.264	311.529	311.529	301.264	52.4185	-1	53.4185	53.4185	-1
-0.75	-0.108435	-0.641565	301.283	311.779	311.779	301.283	53.313	-1	54.313	54.313	-1
-0.76	-0.108957	-0.651043	301.302	312.031	312.031	301.302	54.2086	-1	55.2086	55.2086	-1
-0.77	-0.109474	-0.660526	301.321	312.284	312.284	301.321	55.1053	-1	56.1053	56.1053	-1
-0.78	-0.109985	-0.670015	301.34	312.539	312.539	301.34	56.0029	-1	57.0029	57.0029	-1
-0.79	-0.110492	-0.679508	301.359	312.795	312.795	301.359	56.9015	-1	57.9015	57.9015	-1
-0.8	-0.110995	-0.689005	301.378	313.053	313.053	301.378	57.8011	-1	58.8011	58.8011	-1
-0.81	-0.111492	-0.698508	301.397	313.313	313.313	301.397	58.7015	-1	59.7015	59.7015	-1
-0.82	-0.111986	-0.708014	301.416	313.573	313.573	301.416	59.6028	-1	60.6028	60.6028	-1
-0.83	-0.112475	-0.717525	301.435	313.836	313.836	301.435	60.505	-1	61.505	61.505	-1
-0.84	-0.11296	-0.72704	301.454	314.099	314.099	301.454	61.408	-1	62.408	62.408	-1
-0.85	-0.113441	-0.736559	301.473	314.364	314.364	301.473	62.3118	-1	63.3118	63.3118	-1
-0.86	-0.113918	-0.746082	301.492	314.631	314.631	301.492	63.2164	-1	64.2164	64.2164	-1
-0.87	-0.114391	-0.755609	301.511	314.899	314.899	301.511	64.1218	-1	65.1218	65.1218	-1
-0.88	-0.114861	-0.765139	301.53	315.168	315.168	301.53	65.0279	-1	66.0279	66.0279	-1
-0.89	-0.115327	-0.774673	301.549	315.439	315.439	301.549	65.9347	-1	66.9347	66.9347	-1
-0.9	-0.115789	-0.784211	301.568	315.711	315.711	301.568	66.8421	-1	67.8421	67.8421	-1
-0.91	-0.116248	-0.793752	301.588	315.984	315.984	301.588	67.7503	-1	68.7503	68.7503	-1
-0.92	-0.116704	-0.803296	301.607	316.259	316.259	301.607	68.6591	-1	69.6591	69.6591	-1
-0.93	-0.117157	-0.812843	301.626	316.535	316.535	301.626	69.5686	-1	70.5686	70.5686	-1
-0.94	-0.117607	-0.822393	301.645	316.813	316.813	301.645	70.4786	-1	71.4786	71.4786	-1
-0.95	-0.118053	-0.831947	301.664	317.092	317.092	301.664	71.3893	-1	72.3893	72.3893	-1
-0.96	-0.118497	-0.841503	301.683	317.372	317.372	301.683	72.3006	-1	73.3006	73.3006	-1
-0.97	-0.118938	-0.851062	301.702	317.653	317.653	301.702	73.2124	-1	74.2124	74.2124	-1
-0.98	-0.119376	-0.860624	301.721	317.936	317.936	301.721	74.1247	-1	75.1247	75.1247	-1
-0.99	-0.119812	-0.870188	301.74	318.22	318.22	301.74	75.0377	-1	76.0377	76.0377	-1
-1	-0.120245	-0.879755	301.76	318.506	318.506	301.76	75.9511	-1	76.9511	76.9511	-1
