vdd	v1	v2	Ir	I_D1	I_D2	I_D3	I_D4
-1	-0.113692	-0.886308	77.2617	-1	78.2617	78.2617	-1
-0.98	-0.113069	-0.866931	75.3862	-1	76.3862	76.3862	-1
-0.96	-0.112432	-0.847568	73.5136	-1	74.5136	74.5136	-1
-0.94	-0.11178	-0.82822	71.6439	-1	72.6439	72.6439	-1
-0.92	-0.111113	-0.808887	69.7774	-1	70.7774	70.7774	-1
-0.9	-0.110429	-0.789571	67.9142	-1	68.9142	68.9142	-1
-0.88	-0.109728	-0.770272	66.0544	-1	67.0544	67.0544	-1
-0.86	-0.109009	-0.750991	64.1982	-1	65.1982	65.1982	-1
-0.84	-0.108271	-0.731729	62.3458	-1	63.3458	63.3458	-1
-0.82	-0.107513	-0.712487	60.4974	-1	61.4974	61.4974	-1
-0.8	-0.106734	-0.693266	58.6531	-1	59.6531	59.6531	-1
-0.78	-0.105934	-0.674066	56.8133	-1	57.8133	57.8133	-1
-0.76	-0.105109	-0.654891	54.9781	-1	55.9781	55.9781	-1
-0.74	-0.10426	-0.63574	53.1479	-1	54.1479	54.1479	-1
-0.72	-0.103386	-0.616614	51.3229	-1	52.3229	52.3229	-1
-0.7	-0.102483	-0.597517	49.5034	-1	50.5034	50.5034	-1
-0.68	-0.101551	-0.578449	47.6898	-1	48.6898	48.6898	-1
-0.66	-0.100588	-0.559412	45.8825	-1	46.8825	46.8825	-1
-0.64	-0.0995909	-0.540409	44.0818	-1	45.0818	45.0818	-1
-0.62	-0.0985587	-0.521441	42.2883	-1	43.2883	43.2883	-1
-0.6	-0.0974885	-0.502511	40.5023	-1	41.5023	41.5023	-1
-0.58	-0.0963776	-0.483622	38.7245	-1	39.7245	39.7245	-1
-0.56	-0.0952229	-0.464777	36.9554	-1	37.9554	37.9554	-1
-0.54	-0.0940211	-0.445979	35.1958	-1	36.1958	36.1958	-1
-0.52	-0.0927685	-0.427232	33.4463	-1	34.4463	34.4463	-1
-0.5	-0.091461	-0.408539	31.7078	-1	32.7078	32.7078	-1
-0.48	-0.0900939	-0.389906	29.9812	-1	30.9812	30.9812	-1
-0.46	-0.088662	-0.371338	28.2676	-0.999999	29.2676	29.2676	-0.999999
-0.44	-0.0871595	-0.35284	26.5681	-0.999999	27.5681	27.5681	-0.999999
-0.42	-0.0855798	-0.33442	24.884	-0.999997	25.884	25.884	-0.999997
-0.4	-0.0839154	-0.316085	23.2169	-0.999995	24.2169	24.2169	-0.999995
-0.38	-0.0821576	-0.297842	21.5685	-0.999989	22.5685	22.5685	-0.999989
-0.36	-0.0802968	-0.279703	19.9406	-0.999979	20.9406	20.9406	-0.999979
-0.34	-0.0783217	-0.261678	18.3357	-0.999957	19.3356	19.3356	-0.999957
-0.32	-0.0762194	-0.243781	16.7561	-0.999915	17.756	17.756	-0.999915
-0.3	-0.073975	-0.226025	15.205	-0.999832	16.2048	16.2048	-0.999832
-0.28	-0.0715711	-0.208429	13.6858	-0.99967	14.6855	14.6855	-0.99967
-0.26	-0.0689876	-0.191012	12.2025	-0.999355	13.2018	13.2018	-0.999355
-0.24	-0.0662012	-0.173799	10.7598	-0.99875	11.7585	11.7585	-0.99875
-0.22	-0.0631843	-0.156816	9.36315	-0.997598	10.3607	10.3607	-0.997598
-0.2	-0.0599048	-0.140095	8.01904	-0.99543	9.01447	9.01447	-0.99543
-0.18	-0.0563251	-0.123675	6.73498	-0.991406	7.72638	7.72638	-0.991406
-0.16	-0.0524009	-0.107599	5.51982	-0.984052	6.50387	6.50387	-0.984052
-0.14	-0.0480798	-0.0919202	4.38403	-0.970853	5.35489	5.35489	-0.970853
-0.12	-0.0432999	-0.0767001	3.34002	-0.947661	4.28768	4.28768	-0.947661
-0.1	-0.0379872	-0.0620128	2.40255	-0.907921	3.31047	3.31047	-0.907921
-0.08	-0.0320541	-0.0479459	1.58917	-0.841828	2.431	2.431	-0.841828
-0.06	-0.0253983	-0.0346017	0.920349	-0.735744	1.65609	1.65609	-0.735744
-0.04	-0.0179066	-0.0220934	0.41868	-0.572477	0.991156	0.991156	-0.572477
-0.02	-0.00946864	-0.0105314	0.106273	-0.333058	0.439331	0.439331	-0.333058
0	0	0	0	0	0	0	0
0.02	0.0105314	0.00946864	0.106273	0.439331	-0.333058	-0.333058	0.439331
0.04	0.0220934	0.0179066	0.41868	0.991156	-0.572477	-0.572477	0.991156
0.06	0.0346017	0.0253983	0.920349	1.65609	-0.735744	-0.735744	1.65609
0.08	0.0479459	0.0320541	1.58917	2.431	-0.841828	-0.841828	2.431
0.1	0.0620128	0.0379872	2.40255	3.31047	-0.907921	-0.907921	3.31047
0.12	0.0767001	0.0432999	3.34002	4.28768	-0.947661	-0.947661	4.28768
0.14	0.0919202	0.0480798	4.38403	5.35489	-0.970853	-0.970853	5.35489
0.16	0.107599	0.0524009	5.51982	6.50387	-0.984052	-0.984052	6.50387
0.18	0.123675	0.0563251	6.73498	7.72638	-0.991406	-0.991406	7.72638
0.2	0.140095	0.0599048	8.01904	9.01447	-0.99543	-0.99543	9.01447
0.22	0.156816	0.0631843	9.36315	10.3607	-0.997598	-0.997598	10.3607
0.24	0.173799	0.0662012	10.7598	11.7585	-0.99875	-0.99875	11.7585
0.26	0.191012	0.0689876	12.2025	13.2018	-0.999355	-0.999355	13.2018
0.28	0.208429	0.0715711	13.6858	14.6855	-0.99967	-0.99967	14.6855
0.3	0.226025	0.073975	15.205	16.2048	-0.999832	-0.999832	16.2048
0.32	0.243781	0.0762194	16.7561	17.756	-0.999915	-0.999915	17.756
0.34	0.261678	0.0783217	18.3357	19.3356	-0.999957	-0.999957	19.3356
0.36	0.279703	0.0802968	19.9406	20.9406	-0.999979	-0.999979	20.9406
0.38	0.297842	0.0821576	21.5685	22.5685	-0.999989	-0.999989	22.5685
0.4	0.316085	0.0839154	23.2169	24.2169	-0.999995	-0.999995	24.2169
0.42	0.33442	0.0855798	24.884	25.884	-0.999997	-0.999997	25.884
0.44	0.35284	0.0871595	26.5681	27.5681	-0.999999	-0.999999	27.5681
0.46	0.371338	0.088662	28.2676	29.2676	-0.999999	-0.999999	29.2676
0.48	0.389906	0.0900939	29.9812	30.9812	-1	-1	30.9812
0.5	0.408539	0.091461	31.7078	32.7078	-1	-1	32.7078
0.52	0.427232	0.0927685	33.4463	34.4463	-1	-1	34.4463
0.54	0.445979	0.0940211	35.1958	36.1958	-1	-1	36.1958
0.56	0.464777	0.0952229	36.9554	37.9554	-1	-1	37.9554
0.58	0.483622	0.0963776	38.7245	39.7245	-1	-1	39.7245
0.6	0.502511	0.0974885	40.5023	41.5023	-1	-1	41.5023
0.62	0.521441	0.0985587	42.2883	43.2883	-1	-1	43.2883
0.64	0.540409	0.0995909	44.0818	45.0818	-1	-1	45.0818
0.66	0.559412	0.100588	45.8825	46.8825	-1	-1	46.8825
0.68	0.578449	0.101551	47.6898	48.6898	-1	-1	48.6898
0.7	0.597517	0.102483	49.5034	50.5034	-1	-1	50.5034
0.72	0.616614	0.103386	51.3229	52.3229	-1	-1	52.3229
0.74	0.63574	0.10426	53.1479	54.1479	-1	-1	54.1479
0.76	0.654891	0.105109	54.9781	55.9781	-1	-1	55.9781
0.78	0.674066	0.105934	56.8133	57.8133	-1	-1	57.8133
0.8	0.693266	0.106734	58.6531	59.6531	-1	-1	59.6531
0.82	0.712487	0.107513	60.4974	61.4974	-1	-1	61.4974
0.84	0.731729	0.108271	62.3458	63.3458	-1	-1	63.3458
0.86	0.750991	0.109009	64.1982	65.1982	-1	-1	65.1982
0.88	0.770272	0.109728	66.0544	67.0544	-1	-1	67.0544
0.9	0.789571	0.110429	67.9142	68.9142	-1	-1	68.9142
0.92	0.808887	0.111113	69.7774	70.7774	-1	-1	70.7774
0.94	0.82822	0.11178	71.6439	72.6439	-1	-1	72.6439
0.96	0.847568	0.112432	73.5136	74.5136	-1	-1	74.5136
0.98	0.866931	0.113069	75.3862	76.3862	-1	-1	76.3862
1	0.886308	0.113692	77.2617	78.2617	-1	-1	78.2617
vdd	v1	v2	Ir	I_D1	I_D2	I_D3	I_D4
-1.000000	-0.0506877	-0.949312	89.8625	-1	6.02535	6.02535	-1
-0.980000	-0.0538868	-0.926113	87.2226	-1	6.9452	6.9452	-1
-0.960000	-0.0569018	-0.903098	84.6196	-1	7.92211	7.92211	-1
-0.940000	-0.0597383	-0.880262	82.0523	-1	8.95054	8.95054	-1
-0.920000	-0.0624011	-0.857599	79.5198	-1	10.0237	10.0237	-1
-0.900000	-0.064895	-0.835105	77.021	-1	11.1334	11.1334	-1
-0.880000	-0.0672244	-0.812776	74.5551	-1	12.2706	12.2706	-1
-0.860000	-0.0693933	-0.790607	72.1213	-1	13.4251	13.4251	-1
-0.840000	-0.0714056	-0.768594	69.7189	-1	14.5859	14.5859	-1
-0.820000	-0.0732648	-0.746735	67.347	-1	15.7412	15.7412	-1
-0.800000	-0.0749741	-0.725026	65.0052	-1	16.8789	16.8789	-1
-0.780000	-0.0765366	-0.703463	62.6927	-1	17.9863	17.9863	-1
-0.760000	-0.0779551	-0.682045	60.409	-1	19.0509	19.0509	-1
-0.740000	-0.079232	-0.660768	58.1536	-1	20.0602	20.0602	-1
-0.720000	-0.0803696	-0.63963	55.9261	-1	21.0021	21.0021	-1
-0.700000	-0.0813698	-0.61863	53.726	-1	21.865	21.865	-1
-0.680000	-0.0822345	-0.597765	51.5531	-1	22.6383	22.6383	-1
-0.660000	-0.0829651	-0.577035	49.407	-1	23.3119	23.3119	-1
-0.640000	-0.0835628	-0.556437	47.2874	-1	23.8772	23.8772	-1
-0.620000	-0.0840284	-0.535972	45.1943	-1	24.3268	24.3268	-1
-0.600000	-0.0843627	-0.515637	43.1275	-1	24.6545	24.6545	-1
-0.580000	-0.0845657	-0.495434	41.0869	-1	24.8556	24.8556	-1
-0.560000	-0.0846376	-0.475362	39.0725	-1	24.9271	24.9271	-1
-0.540000	-0.0845777	-0.455422	37.0845	-1	24.8675	24.8675	-1
-0.520000	-0.0843851	-0.435615	35.123	-1	24.6766	24.6766	-1
-0.500000	-0.0840586	-0.415941	33.1883	-1	24.3562	24.3562	-1
-0.480000	-0.0835962	-0.396404	31.2808	-1	23.9092	23.9092	-1
-0.460000	-0.0829954	-0.377005	29.4009	-0.999999	23.3403	23.3403	-0.999999
-0.440000	-0.0822531	-0.357747	27.5494	-0.999999	22.6552	22.6552	-0.999999
-0.420000	-0.0813654	-0.338635	25.7269	-0.999998	21.8611	21.8611	-0.999998
-0.400000	-0.0803274	-0.319673	23.9345	-0.999995	20.9664	20.9664	-0.999995
-0.380000	-0.0791333	-0.300867	22.1733	-0.999991	19.9804	19.9804	-0.999991
-0.360000	-0.077776	-0.282224	20.4448	-0.999981	18.9133	18.9133	-0.999981
-0.340000	-0.0762473	-0.263753	18.7505	-0.999961	17.7761	17.7761	-0.999961
-0.320000	-0.0745369	-0.245463	17.0926	-0.999921	16.5807	16.5807	-0.999921
-0.300000	-0.072633	-0.227367	15.4734	-0.999841	15.3394	15.3394	-0.999841
-0.280000	-0.0705213	-0.209479	13.8957	-0.999683	14.0647	14.0647	-0.999683
-0.260000	-0.0681848	-0.191815	12.363	-0.999375	12.77	12.77	-0.999375
-0.240000	-0.0656035	-0.174397	10.8793	-0.998778	11.4686	11.4686	-0.998778
-0.220000	-0.0627533	-0.157247	9.44933	-0.997637	10.174	10.174	-0.997637
-0.200000	-0.059606	-0.140394	8.07881	-0.995482	8.90003	8.90003	-0.995482
-0.180000	-0.0561276	-0.123872	6.77447	-0.991471	7.66035	7.66035	-0.991471
-0.160000	-0.0522781	-0.107722	5.54439	-0.984127	6.4685	6.4685	-0.984127
-0.140000	-0.0480092	-0.0919908	4.39816	-0.970932	5.33764	5.33764	-0.970932
-0.120000	-0.0432633	-0.0767367	3.34734	-0.947734	4.28025	4.28025	-0.947734
-0.100000	-0.0379709	-0.0620291	2.40583	-0.907979	3.30776	3.30776	-0.907979
-0.080000	-0.0320482	-0.0479518	1.59036	-0.841864	2.43022	2.43022	-0.841864
-0.060000	-0.0253967	-0.0346033	0.920654	-0.735759	1.65594	1.65594	-0.735759
-0.040000	-0.0179064	-0.0220936	0.418722	-0.57248	0.99114	0.99114	-0.57248
-0.020000	-0.00946863	-0.0105314	0.106274	-0.333058	0.43933	0.43933	-0.333058
0.000000	0	0	0	0	0	0	0
0.020000	0.0105314	0.00946864	0.106271	0.439331	-0.333058	-0.333058	0.439331
0.040000	0.0220932	0.0179068	0.418645	0.991169	-0.572474	-0.572474	0.991169
0.060000	0.0346006	0.0253994	0.920125	1.65621	-0.735732	-0.735732	1.65621
0.080000	0.0479419	0.0320581	1.58838	2.43152	-0.841804	-0.841804	2.43152
0.100000	0.0620028	0.0379972	2.40055	3.31213	-0.907885	-0.907885	3.31213
0.120000	0.0766796	0.0433204	3.33591	4.29186	-0.947619	-0.947619	4.29186
0.140000	0.0918835	0.0481165	4.3767	5.36386	-0.970812	-0.970812	5.36386
0.160000	0.10754	0.0524601	5.50798	6.52098	-0.984016	-0.984016	6.52098
0.180000	0.123586	0.0564139	6.71722	7.75624	-0.991377	-0.991377	7.75624
0.200000	0.139969	0.0600306	7.99388	9.06303	-0.995408	-0.995408	9.06303
0.220000	0.156645	0.0633546	9.32907	10.4354	-0.997582	-0.997582	10.4354
0.240000	0.173576	0.0664238	10.7152	11.8683	-0.998739	-0.998739	11.8683
0.260000	0.19073	0.0692703	12.1459	13.357	-0.999348	-0.999348	13.357
0.280000	0.208079	0.0719212	13.6158	14.8981	-0.999666	-0.999666	14.8981
0.300000	0.2256	0.0744	15.12	16.4884	-0.99983	-0.99983	16.4884
0.320000	0.243273	0.0767265	16.6547	18.1255	-0.999914	-0.999914	18.1255
0.340000	0.261082	0.078918	18.2164	19.8074	-0.999956	-0.999956	19.8074
0.360000	0.279011	0.080989	19.8022	21.5326	-0.999978	-0.999978	21.5326
0.380000	0.297048	0.0829524	21.4095	23.3	-0.999989	-0.999989	23.3
0.400000	0.315181	0.084819	23.0362	25.1087	-0.999995	-0.999995	25.1087
0.420000	0.333401	0.0865986	24.6803	26.9583	-0.999997	-0.999997	26.9583
0.440000	0.351701	0.0882994	26.3401	28.8484	-0.999999	-0.999999	28.8484
0.460000	0.370071	0.0899289	28.0142	30.7789	-0.999999	-0.999999	30.7789
0.480000	0.388507	0.0914934	29.7013	32.7498	-1	-1	32.7498
0.500000	0.407001	0.0929986	31.4003	34.7614	-1	-1	34.7614
0.520000	0.42555	0.0944496	33.1101	36.8139	-1	-1	36.8139
0.540000	0.444149	0.0958509	34.8298	38.9078	-1	-1	38.9078
0.560000	0.462794	0.0972064	36.5587	41.0436	-1	-1	41.0436
0.580000	0.48148	0.0985198	38.296	43.2221	-1	-1	43.2221
0.600000	0.500206	0.0997943	40.0411	45.4438	-1	-1	45.4438
0.620000	0.518967	0.101033	41.7934	47.7096	-1	-1	47.7096
0.640000	0.537762	0.102238	43.5524	50.0204	-1	-1	50.0204
0.660000	0.556588	0.103412	45.3176	52.3771	-1	-1	52.3771
0.680000	0.575443	0.104557	47.0886	54.7806	-1	-1	54.7806
0.700000	0.594325	0.105675	48.8649	57.2321	-1	-1	57.2321
0.720000	0.613231	0.106769	50.6463	59.7327	-1	-1	59.7327
0.740000	0.632162	0.107838	52.4324	62.2834	-1	-1	62.2834
0.760000	0.651114	0.108886	54.2228	64.8856	-1	-1	64.8856
0.780000	0.670087	0.109913	56.0174	67.5404	-1	-1	67.5404
0.800000	0.689079	0.110921	57.8158	70.2493	-1	-1	70.2493
0.820000	0.70809	0.11191	59.6179	73.0136	-1	-1	73.0136
0.840000	0.727117	0.112883	61.4234	75.8347	-1	-1	75.8347
0.860000	0.74616	0.11384	63.2321	78.7141	-1	-1	78.7141
0.880000	0.765219	0.114781	65.0438	81.6533	-1	-1	81.6533
0.900000	0.784292	0.115708	66.8584	84.6539	-1	-1	84.6539
0.920000	0.803378	0.116622	68.6756	87.7175	-1	-1	87.7175
0.940000	0.822477	0.117523	70.4954	90.8459	-1	-1	90.8459
0.960000	0.841588	0.118412	72.3176	94.0407	-1	-1	94.0407
0.980000	0.86071	0.11929	74.1421	97.3037	-1	-1	97.3037
1.000000	0.879843	0.120157	75.9687	100.637	-1	-1	100.637
